alpha:
cluster 0: 1011.220730997327
cluster 1: 2011.3775705293012
cluster 2: 0.0010010000000000002
cluster 3: 3019.1261447135303
cluster 4: 7.309562686947905
cluster 5: 3950.970993669191
m:
cluster 0: [ 5.05925217 -0.05341825 -4.96492164]
cluster 1: [-5.01738966 -0.00667176  4.97277315]
cluster 2: [-2.49604664e-07 -1.93408820e-07  7.83260113e-07]
cluster 3: [-3.05778856  1.99667236 -3.01633975]
cluster 4: [ 2.56649053 -2.10659852  1.04587926]
cluster 5: [ 2.95886196 -1.99376277  3.02435044]
W:
cluster 0:
[[ 9.65670387e-04 -7.94984612e-05  3.98984699e-05]
 [-7.94984612e-05  1.89845773e-03  1.66714572e-05]
 [ 3.98984699e-05  1.66714572e-05  1.02343749e-03]]
cluster 1:
[[ 4.89280856e-04  1.52027975e-05 -2.55118632e-06]
 [ 1.52027975e-05  9.95318989e-04 -8.35706124e-06]
 [-2.55118632e-06 -8.35706124e-06  4.68008623e-04]]
cluster 2:
[[9.99984353e-01 4.21028626e-06 1.21903616e-06]
 [4.21028626e-06 9.99996726e-01 4.18365082e-06]
 [1.21903616e-06 4.18365082e-06 9.99984485e-01]]
cluster 3:
[[ 1.65294247e-04  1.56101601e-05 -4.33838835e-06]
 [ 1.56101601e-05  6.80234776e-04  2.96045300e-06]
 [-4.33838835e-06  2.96045300e-06  1.69823362e-04]]
cluster 4:
[[0.0676775  0.08534433 0.02655657]
 [0.08534433 0.1609804  0.05807846]
 [0.02655657 0.05807846 0.15516173]]
cluster 5:
[[ 1.27850000e-04 -3.41636332e-06 -1.20162717e-06]
 [-3.41636332e-06  5.19031008e-04 -1.53278215e-06]
 [-1.20162717e-06 -1.53278215e-06  1.28366820e-04]]
nu
cluster 0: 1014.219730997327
cluster 1: 2014.3765705293013
cluster 2: 3.000001
cluster 3: 3022.12514471353
cluster 4: 10.308562686947905
cluster 5: 3953.969993669191
beta:
cluster 0: 1012.219730997327
cluster 1: 2012.3765705293013
cluster 2: 1.000001
cluster 3: 3020.12514471353
cluster 4: 8.308562686947905
cluster 5: 3951.969993669191
