pi:
cluster 0: 0.101183
cluster 1: 0.395704
cluster 2: 0.201230
cluster 3: 0.301883

means:
cluster 0: [ 5.06271776 -0.05319312 -4.96922298]
cluster 1: [ 2.96086697 -1.99531418  3.02177117]
cluster 2: [-5.01865201 -0.00732682  4.97491023]
cluster 3: [-3.05941751  1.9974652  -3.01695623]

precison matrix:
cluster 0
[[ 0.99636836 -0.0808242   0.01621036]
 [-0.0808242   1.92304445  0.02048562]
 [ 0.01621036  0.02048562  1.059368  ]]
cluster 1
[[ 0.50608317 -0.01138433 -0.00441629]
 [-0.01138433  2.04507351 -0.00919795]
 [-0.00441629 -0.00919795  0.50709919]]
cluster 2
[[ 0.99428618  0.03451493 -0.01615333]
 [ 0.03451493  2.00112375 -0.01879549]
 [-0.01615333 -0.01879549  0.95352565]]
cluster 3
[[ 0.50048397  0.04458229 -0.01277444]
 [ 0.04458229  2.06068785  0.00739943]
 [-0.01277444  0.00739943  0.51362102]]
